../../../../.git/annex/objects/PW/w8/MD5E-s616--7318e05a76c537ea18d538a3b527aa72.tsv/MD5E-s616--7318e05a76c537ea18d538a3b527aa72.tsv